11704027
11715149
11705302
11718665
11705767
11703831
11605122
11611894
11615429
11614891
11617831
11608238
11709201
11710048
11709298
11714392
11716549
11716331
11604781
11602810
11608607
11604850
11613004
11606534
11701885
11710849
11704043
11705922
11704145
11712415
11607062
11614485
11608195
11602209
11613185
11602517
11708643
11704443
11710525
11704458
11711595
11705360
11603474
11615647
11609058
11616515
11615369
11601979
11706518
11701960
11708069
11701408
11708219
11712704
11602291
11616063
11609474
11610529
11610005
11709199
11704218
11708235
11707910
11710194
11718019
11711441
11601628
11611220
11602920
11611644
11602981
11602402
